8125
8377
8444
8845
8850
8854
8873
8874
8898
8912
8930
9139
9147
9151
9153
9155
9167
9169
9181
9186
9191
9194
9198
9201
9203
9204
9210
9215
9223
9233
9238
9239
9257
9270
9271
9277
9282
9284
9288
9290
9291
9295
10265
10706
10708
10711
10713
10718
10719
10721
10722
10725
10728
10729
10732
10733
10734
10736
10737
10738
10744
10751
10752
10756
10759
10760
10761
10762
10763
10767
10769
10771
10772
10773
10774
10775
10776
10777
10781
10782
10787
10795
10796
10803
10805
10807
10809
10810
10811
10813
10814
10817
10818
10819
10820
10821
10824
10825
10826
10827
10828
10829
10830
10831
10833
10834
10836
10837
10839
10840
10841
10842
10843
10846
10848
10849
10852
10854
10855
10860
10861
10866
10877
10879
10880
10883
10884
10885
10886
10888
10889
10890
10891
10895
10900
10904
10911
10919
10922
10924
10925
10926
10927
10930
10935
10936
10938
10939
10941
10943
10945
10951
10952
10953
10954
10955
10956
10957
10958
10959
10960
10961
10962
10963
10964
10965
10966
10967
10968
10969
10971
10973
10976
10977
10978
10979
10981
10982
10983
10985
10990
10993
10995
10996
10998
11000
11001
11002
11003
11004
11012
11027
11043
11051
11052
11053
11054
11056
11059
11060
11061
11062
11064
11065
11067
11071
11075
11077
11088
11097
11098
11099
11100
11101
11102
11105
11108
11113
11118
11123
11124
11125
11129
11130
11133
11134
11135
11137
11138
11140
11141
11142
11144
11146
11147
11148
11149
11152
11153
11155
11156
11157
11158
11159
11160
11161
11162
11163
11164
11166
11167
11169
11170
11171
11172
11173
11174
11175
11176
11177
11178
11179
11180
11181
11182
11183
11184
11185
11186
11187
11188
11190
11195
11197
11198
11199
11200
11201
11202
11203
11204
11205
11207
11208
11209
11210
11211
11212
11213
11215
11216
11217
11218
11219
11221
11223
11224
11225
11226
11227
11228
11229
11230
11231
11232
11233
11234
11236
11237
11239
11240
11243
11244
11245
11246
11247
11248
11249
11250
11251
11252
11253
11254
11255
11256
11257
11258
11259
11260
11261
11262
11263
11264
11265
11267
11268
11269
11270
11271
11272
11273
11274
11275
11276
11277
11278
11279
11280
11281
11282
11283
11286
11287
11288
11289
11290
11291
11292
11293
11294
11295
11296
11297
11298
11299
11300
11303
11305
11306
11307
11311
11312
11313
11314
11315
11316
11317
11318
11319
11320
11321
11322
11323
11324
11326
11327
11328
11329
11330
11331
11332
11334
11335
11336
11337
11338
11339
11340
11341
11342
11343
11344
11346
11347
11348
11349
11350
11351
11353
11354
11355
11358
11359
11360
11361
11363
11364
11365
11366
11368
11369
11370
11371
11373
11374
11375
11377
11378
11379
11380
11385
11386
11388
11389
11390
11391
11393
11394
11395
11398
11400
11402
11404
11405
11406
11408
11409
11411
11412
11417
11422
11423
11427
11429
11430
11431
11433
11434
11437
11442
11443
11445
11447
11454
11455
11458
11459
11461
11462
11463
11464
11465
11466
11467
11468
11472
11473
11474
11476
11477
11480
11482
11483
11484
11486
11488
11490
11495
11496
11497
11498
11499
11500
11503
11505
11507
11511
11512
11513
11514
11515
11516
11518
11520
11521
11524
11527
11528
11529
11531
11532
11534
11535
11536
11537
11542
11544
11545
11546
11547
11548
11549
11550
11551
11553
11556
11560
11562
11563
11851
12325
12348
12352
12354
12362
12366
12367
12369
12383
12384
12385
12386
12387
12388
12389
12391
12393
12394
12395
12396
12397
12400
12401
12402
12403
12404
12405
12407
12408
12409
12412
12413
12414
12415
12419
12420
12421
12423
12428
12429
12430
12431
12432
12433
12434
12437
12438
12440
12441
12442
12443
12446
12448
12450
12451
12453
12454
12456
12457
12484
15530
15545
16263
16344
16346
16715
16917
16952
16954
16994
16997
17861
17867
17879
17904
17950
17977
18061
18315
18475
18523
18559
18590
18639
18687
18693
20340
20579
20825
20866
21479
28352
28522
28526
28531
28532
28534
28537
28567
28569
28570
28574
28580
28589
28596
28597
28599
28600
28606
28610
28611
28613
28615
28616
28617
28618
28621
28623
28628
28631
28639
28651
28652
28653
28654
28656
28658
28659
28660
28663
28664
28667
28680
28682
28683
28685
28686
28688
28690
28691
28696
28701
28702
28703
28705
28707
28708
28718
28719
28721
28722
28723
28724
28725
28726
28727
28729
28730
28732
28733
28734
28735
28736
28737
28742
28759
28768
28769
28770
28773
28774
28776
28777
28778
28780
28781
28782
28783
28784
28785
28786
28787
28788
28790
28791
28792
28793
28794
28795
28797
28798
28801
28802
28803
28807
28808
28809
28811
28814
28815
28816
28817
28818
28820
28821
28824
28825
28828
28832
28835
28836
28842
28843
28845
28846
28847
28848
28849
28850
28851
28854
28856
28861
28862
28863
28869
28870
28872
28874
28875
28883
28886
28902
28905
28908
28911
28912
28913
28914
28915
28916
28917
28918
28921
28922
28923
28928
28929
28930
28932
28933
28934
28937
28938
28942
28944
28945
28947
28948
28950
28952
28957
28963
28964
28967
28971
28974
28975
28976
28979
28981
28982
28983
28985
28986
28988
28990
28991
28992
28993
28996
28997
28998
29005
29006
29007
29008
29009
29010
29012
29013
29015
29016
29017
29018
29019
29020
29021
29022
29023
29024
29026
29027
29029
29031
29032
29033
29035
29036
29037
29038
29039
29040
29041
29042
29045
29046
29047
29048
29050
29051
29052
29053
29054
29055
29056
29058
29059
29060
29061
29062
29063
29064
29065
29067
29068
29069
29072
29074
29076
29077
29078
29079
29080
29081
29083
29086
29087
29089
29090
29091
29094
29095
29098
29100
29101
29102
29103
29107
29108
29112
29115
29117
29118
29119
29120
29121
29122
29123
29124
29125
29126
29128
29129
29130
29131
29132
29133
29134
29135
29137
29139
29141
29142
29143
29144
29145
29146
29148
29152
29153
29155
29157
29158
29160
29163
29164
29165
29166
29167
29168
29169
29170
29171
29174
29175
29176
29177
29178
29179
29180
29181
29184
29185
29186
29187
29188
29189
29190
29193
29194
29196
29199
29200
29201
29202
29204
29205
29206
29208
29210
29213
29214
29215
29218
29219
29221
29222
29230
29231
29232
29233
29234
29235
29236
29237
29238
29239
29240
29241
29242
29243
29245
29246
29247
29249
29250
29251
29252
29253
29254
29255
29256
29258
29259
29260
29261
29262
29264
29266
29267
29268
29271
29272
29274
29275
29276
29279
29282
29286
29287
30143
30868
30871
30879
30880
30881
30886
30893
30904
30917
30919
30921
30930
30931
30933
30935
30942
30945
30948
30949
30952
30955
30956
30957
30962
30965
30966
30967
30972
30976
30981
30987
30989
30991
30992
30993
30994
30995
30996
31001
31007
31009
31010
31011
31014
31017
31018
31019
31021
31026
31028
31034
31035
31036
31037
31038
31040
31041
31042
31047
31052
31053
31054
31055
31059
31062
31063
31064
31070
31074
31076
31077
31082
31083
31084
31085
31086
31087
31089
31091
31093
31097
31099
31100
31102
31105
31108
31109
31111
31112
31114
31115
31117
31118
31128
31133
31134
31135
31137
31138
31146
31149
31150
31151
31152
31153
31155
31159
31160
31161
31163
31164
31170
31171
31172
31173
31174
31175
31178
31179
31180
31182
31185
31187
31190
31191
31194
31195
31197
31198
31199
31200
31204
31205
31206
31210
31211
31212
31213
31214
31215
31216
31221
31223
31224
31226
31229
31230
31231
31233
31234
31235
31236
31238
31239
31240
31241
31242
31244
31246
31247
31252
31256
31272
31274
31275
31276
31279
31280
31281
31282
31283
31284
31287
31288
31290
31292
31293
31295
31300
31302
31304
31306
31307
31308
31309
31311
31312
31315
31318
31319
31320
31321
31323
31324
31325
31329
31330
31333
31335
31336
31338
31341
31343
31348
31352
31359
31360
31361
31363
31364
31365
31366
31370
31373
31374
31375
31377
31378
31379
31380
31381
31383
31384
31385
31386
31388
31390
31392
31393
31394
31399
31401
31402
31404
31405
31406
31407
31408
31409
31410
31411
31412
31424
31425
31429
31430
31433
31434
31435
31439
31441
31443
31444
31453
31454
31471
31472
31473
31474
31475
31476
31479
31480
31482
31483
31486
31487
31488
31489
31490
31491
31496
31497
31499
31501
31504
31505
31509
31510
31511
31512
31513
31514
31516
31520
31521
31523
31524
31525
31529
31530
31531
31532
31533
31534
31536
31537
31542
31544
31546
31548
31549
31550
31551
31552
31553
31554
31555
31557
31559
31560
31561
31562
31563
31565
31567
31568
31569
31570
31572
31573
31575
31581
31582
31585
31586
31587
31588
31589
31590
31591
31593
31594
31595
31596
31597
31599
31600
31601
31603
31605
31607
31609
31610
31611
31612
31613
31617
31620
31621
31623
31624
31625
31627
31628
31629
31630
31631
31632
31633
31634
31635
31636
31638
31639
31640
31642
31644
31647
31648
31651
31652
31655
31656
31657
31658
31659
31660
31661
31662
31664
31665
31666
31667
31669
31673
31674
31677
31678
31679
31680
31681
31682
31688
31689
31690
31691
31692
31693
31694
31696
31697
31698
31701
31702
31703
31704
31706
31707
31708
31709
31710
31711
31715
31716
31717
31718
31719
31720
31721
31722
31723
31724
31725
31727
31728
31729
31730
31731
31732
31733
31734
31736
31737
31738
31739
31740
31744
31746
31752
31987
32001
32006
32009
32012
32015
32016
32017
32020
32022
32024
32026
32027
32028
32029
32030
32032
32033
32034
32038
32039
32042
32045
32046
32048
32049
32050
32051
32052
32053
32054
32055
32056
32062
32063
32064
32065
32066
32067
32069
32071
32072
32073
32076
32078
32080
32082
32085
32086
32087
32089
32095
32097
32098
32099
32100
32101
32102
32103
32106
32107
32110
32111
32112
32113
32114
32115
32117
32118
32119
32121
32122
32124
32125
32127
32128
32129
32130
32131
32132
32134
32135
32137
32139
32140
32141
32142
32143
32147
32148
32153
32155
32158
32159
32160
32161
32164
32168
32170
32171
32172
32175
32177
32178
32179
32180
32181
32182
32184
32185
32186
32189
32191
32193
32194
32196
32197
32198
32199
32200
32201
32203
32204
32205
32206
32207
32208
32209
32211
32213
32214
32215
32219
32220
32221
32223
32224
32226
32227
32228
32229
32230
32231
32236
32237
32238
32239
32241
32242
32245
32246
32249
32251
32252
32253
32254
32255
32256
32258
32261
32262
32263
32265
32266
32267
32268
32269
32270
32271
32272
32273
32274
32275
32278
32280
32281
32282
32283
32285
32286
32287
32288
32289
32290
32291
32294
32298
32299
32303
32306
32307
32308
32309
32310
32311
32314
32316
32317
32318
32323
32324
32326
32327
32328
32330
32331
32333
32335
32338
32339
32340
32344
32345
32347
32349
32351
32353
32356
32359
32360
32362
32363
32364
32365
32366
32367
32368
32369
32370
32371
32373
32375
32376
32378
32379
32381
32382
32383
32384
32385
32386
32388
32389
32390
32392
32393
32394
32395
32396
32398
32399
32400
32401
32402
32403
32404
32405
32406
32407
32408
32409
32410
32411
32414
32416
32418
32419
32420
32421
32422
32425
32426
32427
32429
32430
32431
32433
32434
32435
32437
32438
32439
32440
32442
32443
32444
32447
32448
32450
32451
32454
32455
32456
32457
32458
32459
32461
32462
32464
32465
32466
32470
32471
32472
32473
32475
32476
32477
32478
32480
32481
32482
32486
32489
32490
32496
32497
32498
32499
32500
32501
32502
32504
32505
32506
32507
32508
32509
32510
32511
32512
32515
32516
32518
32519
32520
32522
32523
32524
32525
32526
32527
32528
32531
32532
32533
32536
32537
32540
32542
32543
32544
32545
32547
32549
32550
32552
32553
32555
32556
32558
32559
32562
32563
32564
32565
32568
32569
32571
32572
32573
32574
32575
32576
32577
32578
32582
32584
32585
32586
32588
32590
32591
32593
32594
32596
32597
32599
32603
32604
32605
32607
32608
32612
32614
32615
32616
32617
32620
32621
32623
32624
32627
32628
32629
32633
32634
32636
32637
32638
32639
32641
32644
32645
32646
32649
32651
32652
32653
32654
32656
32660
32661
32665
32667
32669
32673
32674
32675
32676
32677
32679
32680
32681
32686
32687
32689
32690
32691
32692
32693
32694
32695
32696
32697
32698
32699
32700
32702
32703
32704
32706
32707
32708
32709
32711
32713
32715
32716
32717
32718
32721
32723
32724
32725
32727
32728
32730
32732
32733
32735
32736
32738
32740
32742
32743
32744
32745
32746
32747
32748
32749
32750
32751
32752
32753
32754
32757
32760
32762
32763
32764
32766
32767
32769
32771
32772
32773
32776
32779
32780
32781
32782
32783
32784
32786
32788
32789
32790
32791
32793
32794
32796
32797
32798
32799
32801
32804
32806
32807
32808
32809
32811
32814
32815
32816
32818
32820
32823
32824
32825
32826
32829
32831
32834
32836
32837
32838
32839
32840
32841
32842
32845
32847
32848
32850
32851
32853
32854
32855
32856
32857
32860
32862
32863
32865
32866
32868
32869
32870
32871
32872
32873
32874
32877
32878
32881
32883
32884
32886
32887
32888
32890
32891
32892
32894
32896
32897
32900
32902
32906
32907
32911
32912
32913
32914
32916
32917
32918
32919
32920
32921
32922
32923
32924
32926
32928
32930
32932
32934
32936
32939
32941
32942
32943
32945
32949
32950
32954
32955
32956
32957
32958
32959
32960
32962
32963
32966
32967
32968
32969
32970
32971
32972
32973
32975
32976
32978
32979
32980
32981
32982
32984
32987
32989
32991
32993
32994
32995
32996
32997
32999
33000
33004
33006
33007
33008
33009
33010
33011
33013
33015
33017
33019
33022
33025
33030
33031
33032
33036
33037
33038
33039
33040
33042
33044
33045
33047
33048
33051
33052
33054
33055
33056
33057
33058
33059
33060
33061
33062
33068
33070
33071
33075
33076
33077
33079
33081
33083
33086
33088
33089
33090
33092
33093
33094
33095
33097
33098
33099
33101
33103
33104
33105
33106
33108
33110
33111
33113
33114
33115
33118
33119
33121
33122
33124
33125
33126
33127
33129
33130
33131
33132
33133
33134
33136
33137
33138
33139
33140
33142
33143
33145
33146
33147
33148
33149
33150
33151
33152
33153
33154
33156
33158
33159
33160
33161
33162
33163
33165
33167
33168
33169
33172
33173
33174
33175
33176
33177
33178
33179
33183
33184
33185
33186
33187
33188
33191
33192
33193
33194
33197
33198
33199
33201
33202
33203
33206
33207
33208
33211
33213
33215
33217
33219
33220
33221
33222
33223
33224
33225
33227
33228
33229
33230
33231
33233
33235
33236
33237
33238
33240
33243
33244
33245
33246
33248
33250
33255
33256
33257
33258
33259
33260
33261
33262
33263
33264
33266
33267
33271
33273
33277
33280
33281
33283
33285
33286
33288
33290
33292
33293
33295
33298
33299
33300
33301
33302
33303
33305
33306
33307
33308
33309
33310
33311
33313
33314
33315
33316
33317
33318
33319
33322
33324
33325
33327
33328
33329
33332
33336
33337
33338
33339
33340
33342
33344
33346
33347
33349
33351
33352
33353
33354
33356
33359
33360
33361
33362
33363
33364
33366
33370
33372
33375
33380
33383
33385
33387
33389
33390
33391
33392
33393
33395
33397
33402
33405
33406
33410
33412
33414
33418
33420
33421
33424
33425
33428
33429
33431
33434
33438
33439
33440
33443
33444
33445
33451
33453
33456
33457
33458
33468
33470
33473
33481
33484
33486
33488
33489
33491
33492
33497
33498
33502
33503
33504
33511
33516
33518
33519
33521
33522
33523
33524
33525
33528
33531
33534
33536
33537
33540
33543
33544
33546
33547
33549
33550
33551
33552
33553
33554
33555
33556
33560
33561
33563
33564
33565
33572
33576
33577
33578
33586
33589
33592
33593
33594
33599
33602
33603
33605
33607
33614
33615
33619
33626
33630
33631
33636
33645
33650
33652
33654
33667
33673
33682
33688
33689
33699
33700
33701
33702
33703
33704
33705
33706
33707
33708
33709
33710
33711
33712
33713
33714
33715
33716
33717
33718
33719
33720
33721
33722
33723
33724
33725
33726
33727
33729
33730
33731
33732
33733
33735
33736
33737
33738
33739
33740
33741
33743
33744
33746
33747
33748
33749
33750
33752
33753
33754
33756
33758
33759
33761
33762
33764
33765
33767
33768
33771
33772
33773
33774
33775
33776
33777
33778
33779
33780
33781
33782
33783
33785
33786
33787
33788
33789
33790
33791
33792
33793
33794
33795
33797
33798
33799
33800
33801
33802
33803
33804
33805
33807
33808
33809
33810
33811
33812
33813
33814
33815
33816
33817
33818
33819
33820
33821
33822
33823
33824
33826
33827
33829
33830
33832
33833
33834
33835
33836
33837
33838
33839
33841
33842
33843
33844
33845
33846
33847
33849
33850
33851
33852
33853
33855
33858
33859
33860
33861
33862
33863
33866
33867
33868
33869
33870
33872
33874
33875
33876
33877
33878
33879
33880
33881
33882
33883
33884
33885
33886
33887
33888
33889
33890
33891
33892
33893
33894
33895
33896
33897
33898
33899
33900
33902
33903
33904
33905
33906
33907
33911
33912
33913
33914
33915
33916
33919
33920
33924
33925
33926
33928
33929
33931
33933
33934
33935
33937
33938
33939
33940
33942
33943
33944
33948
33950
33952
33954
33955
33956
33957
33958
33960
33962
33963
33964
33965
33968
33969
33970
33971
33972
33973
33974
33976
33978
33979
33981
33984
33986
33988
33989
33990
33991
33992
33995
33997
33998
34001
34003
34004
34006
34007
34008
34009
34010
34012
34014
34015
34017
34018
34023
34024
34025
34027
34031
34033
34037
34038
34039
34045
34046
34049
34050
34052
34053
34056
34057
34058
34059
34060
34061
34062
34070
34072
34074
34076
34078
34086
34091
34093
34096
34097
34100
34102
34111
34112
34113
34114
34115
34116
34120
34122
34123
34125
34127
34128
34129
34130
34135
34136
34138
34140
34141
34142
34144
34152
34153
34154
34155
34158
34161
34165
34172
34173
34177
34183
34184
34185
34187
34196
34197
34198
34199
34200
34202
34203
34204
34205
34206
34207
34208
34209
34210
34212
34213
34214
34215
34216
34217
34218
34219
34220
34221
34222
34223
34224
34225
34226
34227
34228
34229
34230
34231
34232
34233
34234
34235
34236
34237
34238
34239
34240
34242
34243
34244
34245
34246
34247
34248
34249
34250
34251
34252
34253
34254
34255
34256
34257
34258
34259
34260
34261
34262
34263
34264
34265
34266
34268
34270
34271
34272
34273
34274
34276
34279
34281
34282
34283
34284
34286
34287
34288
34289
34290
34291
34292
34293
34294
34295
34296
34297
34300
34301
34302
34303
34304
34306
34307
34308
34310
34311
34312
34313
34315
34317
34318
34319
34320
34321
34322
34323
34324
34325
34326
34327
34328
34329
34330
34331
34332
34333
34334
34335
34336
34337
34338
34340
34341
34342
34343
34344
34345
34347
34348
34349
34350
34352
34353
34355
34356
34357
34359
34360
34361
34362
34363
34364
34365
34366
34367
34368
34369
34370
34371
34372
34373
34374
34375
34376
34377
34378
34379
34380
34381
34382
34384
34385
34386
34387
34388
34389
34390
34391
34392
34393
34394
34395
34396
34397
34398
34399
34401
34402
34403
34405
34407
34408
34409
34410
34411
34412
34413
34414
34415
34416
34418
34419
34421
34432
34434
34435
34439
34440
34441
34443
34446
34448
34449
34451
34453
34455
34456
34459
34461
34462
34463
34466
34467
34471
34473
34477
34478
34479
34480
34483
34484
34485
34488
34489
34492
34494
34497
34500
34501
34504
34505
34508
34509
34513
34514
34515
34516
34519
34522
34523
34524
34525
34528
34529
34531
34534
34538
34541
34542
34546
34547
34558
34559
34560
34562
34563
34564
34565
34566
34567
34568
34569
34570
34571
34572
34573
34574
34575
34576
34577
34579
34580
34581
34582
34583
34584
34585
34586
34587
34588
34589
34590
34591
34593
34594
34597
34598
34599
34600
34601
34603
34604
34605
34606
34608
34610
34611
34614
34615
34617
34619
34620
34621
34622
34624
34625
34626
34627
34628
34629
34630
34633
34634
34635
34636
34638
34640
34643
34645
34646
34647
34648
34649
34650
34651
34652
34653
34654
34655
34656
34657
34659
34660
34661
34662
34663
34664
34666
34667
34668
34669
34670
34671
34672
34673
34674
34675
34676
34677
34678
34679
34680
34681
34682
34683
34684
34685
34687
34688
34689
34690
34691
34693
34694
34695
34698
34700
34701
34703
34704
34705
34706
34707
34710
34711
34712
34714
34716
34717
34718
34719
34720
34721
34724
34725
34728
34730
34731
34732
34736
34737
34739
34740
34741
34743
34746
34747
34749
34750
34751
34752
34753
34755
34756
34757
34759
34764
34766
34767
34768
34769
34770
34771
34772
34776
34778
34779
34780
34782
34785
34786
34787
34788
34790
34791
34792
34793
34794
34796
34797
34798
34801
34803
34804
34808
34809
34811
34813
34814
34816
34817
34818
34820
34821
34822
34823
34824
34826
34827
34830
34831
34832
34833
34834
34836
34840
34841
34845
34846
34848
34849
34851
34852
34853
34859
34860
34861
34862
34863
34864
34866
34868
34869
34870
34871
34873
34874
34875
34876
34878
34883
34884
34886
34887
34889
34892
34896
34897
34900
34902
34903
34904
34905
34906
34907
34908
34909
34911
34912
34913
34915
34919
34922
34923
34927
34930
34932
34933
34934
34935
34937
34938
34939
34940
34941
34946
34950
34952
34953
34954
34956
34959
34960
34964
34965
34966
34971
34974
34978
34979
34981
34983
34984
34985
34990
34991
34993
34994
34995
34996
34997
34998
34999
35000
35001
35002
35003
35004
35007
35011
35017
35020
35029
35030
35031
35032
35033
35034
35036
35037
35038
35039
35040
35041
35042
35043
35044
35045
35046
35047
35048
35049
35050
35051
35052
35053
35054
35055
35056
35057
35058
35059
35061
35062
35064
35065
35066
35067
35068
35069
35070
35071
35072
35073
35074
35076
35077
35078
35079
35080
35081
35083
35084
35085
35086
35087
35088
35089
35090
35092
35094
35096
35097
35098
35099
35100
35101
35102
35103
35104
35105
35106
35107
35108
35109
35110
35111
35112
35113
35114
35115
35116
35117
35118
35119
35120
35121
35122
35123
35124
35125
35126
35127
35128
35129
35130
35131
35133
35134
35135
35136
35137
35139
35141
35142
35143
35144
35147
35148
35151
35153
35154
35158
35159
35161
35162
35164
35165
35167
35168
35172
35176
35177
35178
35179
35180
35182
35183
35186
35187
35188
35191
35192
35195
35196
35197
35200
35201
35202
35203
35204
35205
35207
35208
35210
35211
35212
35214
35216
35217
35218
35219
35220
35222
35223
35224
35226
35228
35229
35231
35234
35237
35238
35239
35240
35241
35242
35244
35247
35250
35251
35253
35254
35256
35260
35261
35262
35268
35269
35270
35274
35275
35277
35279
35282
35285
35286
35291
35292
35293
35295
35296
35299
35302
35304
35308
35310
35312
35315
35319
35320
35321
35327
35330
35331
35332
35334
35338
35343
35345
35352
35353
35354
35357
35358
35360
35362
35363
35364
35366
35374
35376
35377
35382
35383
35385
35386
35387
35388
35393
35395
35398
35399
35400
35401
35402
35403
35404
35405
35406
35407
35408
35409
35411
35412
35413
35414
35415
35416
35417
35418
35419
35420
35421
35422
35423
35424
35425
35426
35427
35428
35429
35430
35431
35432
35433
35434
35435
35436
35437
35438
35439
35440
35441
35442
35443
35444
35445
35446
35447
35449
35450
35451
35452
35453
35454
35455
35456
35457
35458
35460
35461
35462
35463
35464
35465
35466
35467
35468
35469
35471
35472
35473
35474
35475
35478
35479
35480
35481
35483
35485
35486
35489
35490
35491
35493
35494
35495
35496
35497
35498
35500
35501
35502
35503
35504
35505
35508
35509
35510
35511
35512
35513
35514
35515
35516
35517
35518
35520
35521
35522
35523
35525
35526
35527
35528
35530
35531
35532
35533
35534
35535
35536
35537
35538
35539
35540
35541
35542
35543
35544
35545
35547
35548
35550
35551
35553
35554
35556
35557
35558
35559
35560
35561
35562
35563
35564
35565
35566
35567
35568
35569
35571
35572
35573
35574
35575
35576
35578
35579
35580
35581
35584
35585
35586
35587
35589
35591
35592
35593
35594
35596
35597
35598
35600
35601
35602
35608
35609
35610
35611
35614
35617
35618
35621
35622
35625
35627
35629
35630
35634
35641
35643
35644
35650
35651
35658
35660
35661
35662
35663
35664
35666
35668
35671
35672
35673
35678
35679
35680
35681
35682
35683
35684
35685
35686
35687
35688
35689
35690
35691
35692
35693
35694
35695
35696
35697
35700
35702
35703
35704
35705
35706
35707
35708
35709
35710
35711
35713
35714
35715
35716
35717
35719
35720
35721
35722
35724
35725
35726
35727
35728
35729
35730
35731
35732
35733
35734
35735
35736
35737
35738
35739
35740
35741
35742
35745
35746
35748
35749
35750
35751
35752
35754
35755
35756
35757
35758
35759
35760
35761
35762
35763
35764
35765
35766
35767
35770
35771
35772
35773
35775
35776
35777
35778
35779
35781
35783
35784
35785
35787
35788
35789
35790
35791
35792
35793
35794
35797
35798
35799
35800
35801
35804
35805
35806
35807
35808
35809
35811
35813
35815
35820
35821
35822
35825
35829
35830
35831
35832
35833
35834
35836
35838
35839
35841
35842
35843
35846
35848
35854
35858
35859
35860
35864
35873
35874
35879
35881
35886
35888
35889
35890
35892
35893
35894
35896
35897
35898
35899
35900
35901
35902
35904
35905
35906
35907
35908
35910
35911
35912
35913
35914
35915
35916
35917
35918
35919
35920
35921
35922
35923
35924
35925
35926
35927
35929
35931
35932
35933
35934
35935
35936
35937
35938
35939
35940
35943
35944
35945
35946
35947
35949
35950
35953
35954
35955
35957
35958
35959
35960
35961
35962
35963
35964
35965
35967
35969
35970
35971
35973
35975
35976
35977
35978
35981
35983
35984
35986
35987
35988
35989
35991
35993
35994
35995
35997
36000
36006
36007
36010
36011
36012
36013
36015
36016
36018
36020
36022
36617
36739
36900
37068
37150
37971
37972
37975
37978
37981
37983
37984
37985
37986
37989
37990
37995
38003
38007
38008
38009
38010
38011
38013
38014
38015
38017
38018
38021
38023
38025
38027
38028
38030
38031
38033
38034
38035
38038
38039
38041
38044
38049
38050
38051
38052
38054
38056
38059
38060
38061
38063
38064
38069
38070
38071
38072
38073
38074
38076
38078
38079
38083
38084
38085
38088
38089
38091
38092
38094
38097
38098
38099
38100
38101
38102
38103
38104
38105
38107
38108
38110
38111
38112
38113
38114
38115
38116
38117
38118
38119
38121
38122
38123
38132
38135
38136
38137
38138
38139
38141
38143
38154
38158
38170
38173
38174
38175
38176
38177
38178
38182
38183
38185
38186
38187
38188
38189
38192
38193
38195
38197
38199
38200
38204
38205
38207
38208
38209
38210
38211
38212
38213
38215
38216
38217
38218
38219
38220
38221
38222
38223
38224
38225
38226
38227
38228
38229
38230
38231
38232
38233
38235
38236
38237
38238
38239
38240
38242
38243
38244
38245
38246
38247
38248
38249
38250
38251
38252
38253
38254
38255
38256
38257
38259
38260
38261
38262
38263
38264
38265
38266
38267
38268
38269
38270
38271
38272
38273
38274
38275
38276
38277
38278
38279
38280
38281
38282
38283
38284
38285
38286
38287
38288
38289
38290
38291
38292
38293
38294
38295
38296
38297
38299
38300
38301
38302
38303
38304
38305
38306
38307
38308
38310
38311
38312
38313
38314
38315
38316
38317
38318
38319
38320
38321
38322
38323
38324
38325
38326
38327
38328
38329
38330
38331
38332
38333
38334
38335
38336
38337
38338
38339
38340
38341
38342
38343
38344
38345
38346
38347
38348
38349
38350
38351
38352
38353
38354
38355
38356
38357
38358
38359
38360
38361
38362
38363
38364
38365
38366
38368
38369
38370
38371
38372
38373
38375
38376
38378
38379
38380
38381
38382
38383
38384
38385
38386
38387
38388
38389
38390
38391
38392
38393
38394
38395
38396
38397
38398
38399
38400
38401
38402
38403
38404
38405
38406
38407
38408
38409
38410
38411
38412
38413
38414
38415
38416
38417
38418
38419
38420
38422
38423
38424
38425
38426
38427
38428
38429
38430
38432
38433
38434
38435
38436
38438
38439
38440
38441
38442
38443
38444
38445
38446
38447
38448
38449
38450
38451
38452
38453
38454
38455
38456
38457
38459
38461
38462
38464
38465
38466
38467
38468
38469
38470
38471
38472
38474
38475
38476
38477
38478
38479
38480
38481
38482
38483
38484
38485
38487
38488
38489
38490
38491
38492
38493
38494
38495
38496
38499
38500
38502
38503
38504
38505
38506
38507
38508
38509
38511
38514
38515
38516
38517
38518
38521
38522
38523
38524
38525
38526
38527
38528
38529
38530
38531
38532
38533
38534
38535
38537
38538
38539
38540
38542
38543
38544
38545
38546
38548
38549
38550
38551
38552
38553
38554
38555
38556
38557
38558
38559
38560
38561
38562
38563
38565
38567
38569
38572
38573
38575
38576
38577
38578
38579
38580
38581
38582
38583
38584
38585
38586
38587
38588
38589
38590
38591
38592
38593
38595
38596
38597
38598
38599
38600
38601
38602
38603
38604
38605
38606
38607
38608
38609
38610
38611
38612
38613
38615
38616
38617
38619
38620
38621
38622
38624
38625
38627
38628
38629
38630
38631
38632
38633
38634
38635
38636
38637
38638
38640
38641
38642
38643
38644
38645
38646
38647
38648
38650
38651
38652
38653
38654
38655
38656
38657
38658
38659
38660
38661
38662
38663
38665
38666
38667
38668
38669
38670
38671
38672
38673
38675
38676
38677
38678
38680
38681
38683
38684
38686
38687
38688
38690
38691
38692
38693
38697
38699
38700
38701
38702
38703
38704
38706
38708
38709
38710
38711
38712
38713
38714
38715
38716
38717
38718
38719
38720
38722
38725
38726
38727
38729
38731
38735
38738
38739
38741
38742
38743
38744
38745
38746
38749
38750
38751
38752
38754
38757
38758
38759
38761
38762
38764
38765
38766
38767
38769
38773
38774
38775
38776
38777
38779
38780
38781
38784
38789
38790
38792
38793
38794
38798
38800
38803
38806
38808
38809
38811
38812
38814
38815
38816
38817
38818
38820
38821
38822
38823
38824
38825
38826
38829
38830
38832
38833
38834
38835
38836
38837
38838
38839
38840
38841
38843
38844
38845
38846
38847
38848
38850
38851
38852
38853
38854
38855
38856
38857
38859
38861
38863
38864
38866
38867
38868
38869
38870
38872
38873
38874
38875
38876
38878
38879
38880
38883
38884
38885
38886
38887
38889
38890
38891
38892
38893
38894
38895
38896
38897
38899
38900
38901
38902
38903
38904
38906
38907
38908
38911
38912
38914
38916
38917
38918
38919
38920
38921
38922
38924
38925
38926
38927
38929
38930
38931
38933
38934
38935
38937
38938
38939
38940
38941
38942
38943
38944
38945
38946
38949
38950
38951
38952
38954
38955
38956
38957
38958
38959
38960
38961
38962
38963
38965
38966
38967
38968
38969
38972
38973
38974
38975
38976
38978
38979
38981
38982
38983
38984
38985
38988
38989
38990
38991
38992
38993
38994
38996
38997
38998
38999
39000
39001
39002
39003
39004
39005
39006
39007
39008
39009
39010
39011
39013
39014
39015
39016
39018
39019
39021
39022
39023
39024
39025
39026
39028
39030
39032
39033
39034
39035
39036
39037
39038
39039
39040
39041
39042
39043
39044
39045
39046
39047
39048
39049
39050
39051
39052
39053
39054
39056
39057
39058
39059
39061
39062
39063
39066
39067
39069
39070
39071
39073
39074
39076
39077
39078
39079
39081
39082
39083
39084
39085
39086
39087
39088
39090
39091
39092
39093
39097
39098
39099
39100
39101
39102
39103
39104
39105
39106
39107
39108
39109
39110
39112
39113
39115
39116
39117
39118
39119
39120
39121
39122
39123
39124
39125
39126
39127
39128
39129
39130
39131
39132
39134
39138
39139
39142
39147
39150
39151
39152
39153
39155
39158
39162
39165
39169
39170
39172
39174
39175
39176
39177
39178
39179
39180
39181
39182
39183
39184
39185
39186
39187
39188
39189
39190
39192
39194
39196
39197
39199
39200
39201
39203
39205
39206
39208
39211
39212
39213
39214
39216
39217
39218
39220
39221
39223
39224
39225
39226
39228
39230
39232
39233
39234
39235
39236
39237
39238
39239
39240
39242
39243
39244
39245
39246
39247
39248
39249
39250
39251
39252
39253
39254
39255
39256
39258
39259
39260
39261
39262
39263
39265
39266
39268
39269
39272
39273
39274
39275
39276
39277
39278
39279
39280
39282
39283
39284
39285
39286
39287
39289
39291
39292
39293
39295
39296
39297
39299
39300
39301
39303
39305
39306
39307
39308
39309
39310
39312
39313
39314
39315
39316
39317
39318
39320
39321
39322
39323
39324
39325
39326
39327
39328
39329
39330
39332
39334
39335
39336
39337
39338
39339
39340
39341
39342
39343
39344
39345
39346
39347
39348
39349
39350
39351
39352
39355
39356
39357
39358
39359
39361
39364
39366
39367
39368
39369
39370
39371
39372
39373
39374
39375
39377
39378
39380
39381
39382
39383
39384
39385
39387
39388
39389
39391
39392
39393
39394
39395
39397
39398
39399
39400
39401
39402
39403
39404
39405
39406
39407
39408
39409
39410
39411
39413
39414
39415
39416
39417
39418
39419
39420
39423
39424
39425
39426
39427
39428
39429
39430
39431
39433
39434
39435
39436
39437
39438
39439
39440
39441
39442
39443
39444
39445
39446
39447
39448
39449
39450
39451
39452
39453
39454
39455
39456
39457
39459
39460
39461
39462
39463
39464
39465
39466
39467
39468
39469
39470
39471
39472
39473
39474
39475
39476
39478
39479
39482
39483
39484
39486
39487
39488
39490
39491
39492
39493
39494
39497
39499
39500
39501
39502
39503
39505
39506
39509
39512
39518
39519
39520
39523
40425
41017
42347
42678
50731
50737
50741
50744
50751
50752
50758
50762
50764
50766
50769
50789
50790
50792
50795
50798
50800
50801
50802
50804
50805
50806
50807
50809
50810
50812
50817
50818
50821
50823
50828
50829
50831
50835
50836
50837
50847
50852
50883
51029
51030
51031
51032
51034
51035
51036
51037
51038
51039
51040
51041
51042
51043
51044
51045
51048
51049
51050
51052
51053
51054
51055
51056
51057
51060
51061
51063
51064
51069
51071
51072
51073
51074
51080
51081
51082
51083
51084
51087
51088
51089
51090
51091
51094
51095
51096
51097
51098
51099
51100
51104
51105
51106
51107
51108
51112
51113
51114
51115
51118
51120
51122
51123
51124
51128
51129
51130
51132
51133
51136
51138
51139
51140
51141
51142
51144
51145
51146
51147
51148
51149
51150
51151
51152
51153
51154
51155
51156
51157
51158
51159
51160
51161
51162
51163
51164
51167
51168
51169
51170
51172
51173
51174
51176
51178
51180
51181
51184
51185
51186
51189
51190
51192
51194
51195
51197
51203
51206
51211
51215
51216
51585
51609
51629
51630
51631
51634
51635
51637
51638
51640
51641
51642
51647
52708
52720
52724
52727
52728
52729
52730
52731
52734
52738
52739
52742
52743
52744
52745
52746
52747
52750
52751
52752
52753
52756
52757
52759
52765
52766
52773
52776
52777
52778
52779
52780
52781
52785
52786
52790
52797
52804
52805
52807
52811
52815
52820
52822
52823
52825
52826
52833
52835
52837
52838
52839
52840
52842
52843
52846
52847
52849
52850
52851
52854
52856
52858
52860
52861
52862
52863
52864
52866
52867
52869
52871
52872
52873
52876
52878
52880
52883
52884
52887
52888
52891
52892
52893
52895
52899
52900
52901
52904
52905
52908
52909
52910
52911
52912
52918
52921
52923
52927
52928
52929
52931
52938
52953
52961
52965
52967
52969
52970
52974
52977
52980
52984
52985
52986
52987
52988
52989
52990
52992
52993
52994
52995
52996
52999
53003
53011
53012
53013
53014
53015
53016
53017
53018
53020
53023
53025
53026
53028
53029
53031
53032
53033
53043
53062
53064
53065
53067
53069
53070
53072
53075
53076
53079
53086
53089
53091
53093
53094
53095
53097
53099
53100
53101
53102
53103
53106
53109
53113
53114
53122
53123
53126
53132
53141
53145
53150
53151
53153
53155
53158
53164
53168
53172
53175
53177
53178
53180
53181
53182
53183
53184
53185
53186
53187
53189
53190
53192
53193
53194
53197
53199
53200
53201
53203
53204
53208
53209
53210
53211
53212
53214
53215
53217
53218
53219
53220
53221
53224
53225
53227
53228
53229
53232
53233
53234
53237
53238
53239
53240
53241
53242
53243
53245
53247
53248
53250
53251
53252
53254
53255
53256
53257
53258
53259
53260
53261
53262
53266
53267
53268
53269
53270
53271
53275
53277
53278
53279
53280
53281
53291
53292
53293
53294
53295
53298
53299
53300
53305
53308
53309
53312
53314
53315
53316
53317
53318
53319
53320
53321
53322
53324
53325
53326
53328
53330
53331
53332
53333
53334
53336
53337
53338
53339
53340
53341
53342
53343
53344
53345
53346
53347
53348
53350
53351
53352
53354
53355
53357
53358
53359
53361
53363
53366
53367
53368
53369
53370
53371
53372
53373
53374
53376
53379
53381
53382
53383
53385
53386
53388
53389
53392
53393
53396
53397
53400
53401
53402
53403
53404
53405
53406
53408
53409
53411
53413
53414
53415
53419
53420
53421
53422
53423
53425
53426
53427
53429
53430
53431
53432
53434
53435
53436
53437
53438
53439
53440
53442
53443
53444
53445
53449
53450
53451
53454
53455
53456
53458
53460
53461
53462
53463
53464
53465
53466
53468
53469
53470
53471
53472
53473
53474
53475
53477
53480
53485
53486
53488
53489
53493
53494
53495
53497
53498
53499
53500
53501
53503
53505
53506
53508
53512
53514
53515
53516
53517
53519
53520
53522
53523
53524
53525
53526
53527
53528
53531
53533
53535
53536
53538
53539
53541
53542
53543
53545
53547
53548
53549
53550
53551
53552
53553
53554
53555
53556
53559
53560
53562
53563
53564
53565
53566
53567
53569
53570
53571
53573
53575
53576
53578
53581
53582
53583
53585
53587
53588
53589
53591
53593
53594
53595
53597
53600
53602
53604
53605
53611
54419
54420
54427
54437
54438
54442
54445
54447
54449
54450
54461
54464
54468
54470
54472
54473
54477
54478
54479
54480
54482
54484
54485
54491
54494
54495
54498
54500
54502
54503
54504
54508
54510
54512
54513
54516
54517
54518
54520
54521
54525
54526
54530
54532
54542
55827
55832
55837
55840
55843
55845
55846
55847
55850
55851
55856
55858
55859
55860
55861
55864
55865
55866
55867
55868
55869
55872
55874
55876
55877
55880
55883
55890
55891
55895
55924
55983
55987
55989
55991
55999
56000
56003
56004
56006
56013
56023
56025
56027
56029
56032
56037
56040
56041
56045
56047
56048
56049
56050
56052
56053
56054
56060
56072
56076
56077
56079
56080
56083
56095
56096
56100
56101
56103
56104
56109
56117
56119
56122
56124
56126
56129
56130
56135
56136
56137
56138
56139
56140
56141
56142
56143
56147
56148
56149
56150
56151
56152
56155
56156
56157
56166
56169
56174
56355
56357
56358
56360
56364
56365
56366
56367
56370
56371
56376
56378
56380
56383
56385
56386
56392
56393
56395
56396
56401
56403
56405
56407
56413
56414
56417
56419
56431
56436
56437
56440
56443
56446
56447
56448
56450
56451
56453
56454
56455
56457
56460
56464
56468
56471
56472
56475
56476
56477
56478
56479
56480
56481
56484
56485
56486
56487
56489
56491
56494
56497
56498
56499
56502
56504
56505
56933
56955
56956
56957
56962
56963
56964
56967
56968
56970
56972
56975
56976
56977
56978
56979
56980
56983
56984
56986
56987
56988
56989
56990
56991
56992
56993
56996
56997
56998
56999
57000
57001
57003
57004
57006
57007
57009
57014
57017
57024
57025
57027
57030
57031
57032
57033
57034
57036
57041
57047
57052
57053
57055
57060
57062
57065
57067
57069
57077
57080
57081
57083
57084
57086
57089
57091
57092
57094
57097
57098
57099
57100
57101
57102
57104
57105
57106
57107
57108
57110
57116
57188
57189
57190
57195
57197
57199
57204
57208
57209
57212
57215
57216
57220
57221
57224
57225
57226
57227
57228
57229
57230
57231
57232
57233
57235
57236
57238
57239
57240
57241
57242
57244
57245
57246
57247
57249
57250
57251
57252
57253
57254
57255
57256
57258
57259
57261
57264
57265
57266
57267
57268
57269
57270
57271
57272
57273
57274
57276
57278
57279
57280
57281
57282
57285
57286
57287
57288
57289
57290
57291
57292
57294
57295
57296
57297
57298
57300
57301
57302
57303
57304
57305
57306
57307
57308
57309
57311
57312
57313
57314
57316
57317
57318
57319
57320
57321
57322
57323
57324
57325
57326
57327
57328
57329
57330
57331
57333
57337
57338
57340
57341
57342
57343
57344
57345
57347
57348
57350
57351
57352
57353
57356
57360
57361
57362
57363
57364
57365
57366
57368
57370
57371
57372
57373
57374
57376
57377
57378
57379
57380
57381
57382
57384
57385
57387
57388
57389
57390
57391
57392
57393
57394
57395
57396
57399
57400
57401
57402
57403
57404
57405
57407
57408
57409
57410
57412
57413
57414
57415
57416
57417
57419
57420
57421
57422
57423
57424
57425
57426
57427
57430
57431
57432
57433
57434
57435
57436
57437
57438
57439
57440
57441
57442
57443
57444
57446
57447
57448
57449
57450
57451
57452
57453
57455
57457
57460
57461
57463
57464
57465
57466
57472
57473
58826
58850
58851
58852
58854
58855
58861
58882
58889
58891
58892
58894
58896
58898
58899
58903
58904
58907
58908
58910
58912
58913
58914
58915
58917
58919
58921
58922
58924
58925
58926
58927
58929
58930
58931
58934
58935
58938
58960
58961
58963
58964
58967
58971
58973
58983
58985
58989
58990
58993
58994
58998
58999
59002
59003
59004
59006
59009
59012
59013
59015
59016
59018
59023
59025
59026
59027
59028
59029
59030
59032
59033
59034
59035
59036
59037
59038
59040
59045
59052
59061
59063
59067
59071
59074
59076
59077
59078
59080
59081
59082
59083
59084
59087
59088
59089
59090
59091
59092
59093
59095
59096
59097
59098
59099
59100
59101
59102
59104
59105
59106
59107
59108
59109
59110
59111
59112
59113
59114
59115
59116
59117
59118
59119
59120
59122
59123
59124
59125
59126
59127
59128
59129
59130
59131
59132
59137
59149
59155
59156
59158
59159
59161
59170
59173
59174
59177
59178
59180
59183
59185
59188
59190
59193
59195
59196
59197
59200
59201
59202
59203
59204
59206
59207
59208
59209
59211
59212
59214
59217
59218
59219
59220
59222
59224
59225
59226
59229
59230
59231
59232
59233
59234
59235
59236
59237
59238
59240
59248
59252
59254
59256
59257
59258
59259
59260
59261
59263
59265
59268
59269
59270
59271
59272
59273
59275
59276
59277
59278
59279
59280
59282
59283
59284
59286
59287
59289
59292
59293
59295
59296
59297
59298
59299
59300
59301
59302
59303
59304
59307
59308
59309
59310
59311
59313
59314
59315
59316
59317
59320
59321
59322
59323
59325
59326
59327
59329
59330
59331
59333
59334
59335
59336
59337
59338
59339
59340
59341
59342
59345
59346
59347
59348
59349
59350
59351
59352
59353
59355
59356
59358
59359
59361
59363
59364
59366
59367
59368
59369
59370
59372
59373
59374
59375
59376
59377
59378
59379
59380
59381
59382
59383
59385
59386
59387
59388
59390
59391
59393
59396
59397
59398
59399
59400
59401
59403
59405
59406
59407
59408
59409
59410
59411
59412
59413
59414
59415
59416
59417
59418
59419
59421
59422
59423
59437
59444
59445
59455
59461
59464
59466
59471
59472
59480
59483
59493
59505
59507
59518
59527
59530
70752
70755
70759
70763
70767
70770
70771
70773
70774
70777
70781
70783
70791
70794
70801
70807
70809
70810
70811
70812
70813
70814
70815
70817
70819
70820
70821
70822
70824
70825
70832
70833
70834
70836
70837
70840
70843
70848
70850
70853
70854
70859
70860
70862
70863
70864
70866
70867
71069
71070
71072
71073
71075
71076
71077
71078
71079
71080
71081
71082
71083
71084
71085
71088
71089
71091
71092
71094
71096
71098
71099
71102
71103
71106
71107
71108
71113
71115
71118
71119
71123
71124
71126
71128
71130
71131
71133
71134
71135
71136
71137
71138
71139
71140
71141
71142
71143
71144
71145
71146
71147
71148
71153
71154
71156
71157
71158
71159
71160
71161
71165
71166
71167
71168
71169
71171
71172
71173
71176
71177
71178
71179
71181
71186
71188
71189
71191
71193
71194
71195
71197
71198
71201
71204
71206
71208
71209
71210
71672
71675
71679
71680
71681
71689
72759
72761
72764
72765
72767
72771
72772
72773
72774
72775
72776
72777
72778
72779
72781
72782
72784
72785
72787
72789
72792
72793
72795
72796
72798
72799
72803
72804
72808
72811
72812
72813
72817
72818
72819
72822
72828
72831
72833
72834
72835
72837
72838
72841
72842
72843
72847
72853
72854
72857
72861
72868
72869
72870
72872
72874
72879
72881
72882
72883
72884
72885
72886
72887
72890
72891
72892
72894
72896
72901
72903
72905
72906
72909
72911
72916
72918
72919
72920
72925
72927
72933
72937
72938
72939
72944
72945
72946
72950
72951
72957
72959
72960
72961
72963
72967
72969
72970
72975
72978
72979
72981
73002
73003
73004
73008
73013
73014
73016
73017
73019
73020
73023
73024
73025
73027
73028
73030
73032
73033
73034
73035
73036
73037
73038
73039
73040
73041
73042
73043
73044
73045
73046
73047
73050
73051
73052
73054
73055
73057
73058
73060
73061
73062
73063
73064
73065
73067
73068
73070
73074
73075
73076
73079
73080
73084
73085
73086
73089
73090
73098
73099
73100
73116
73117
73127
73131
73133
73135
73136
73137
73140
73142
73144
73145
73146
73149
73150
73152
73154
73155
73162
73165
73168
73169
73171
73183
73186
73193
73197
73198
73199
73200
73201
73203
73205
73206
73210
73213
73214
73215
73219
73220
73221
73222
73223
73225
73226
73227
73228
73230
73231
73233
73234
73235
73237
73239
73240
73241
73242
73243
73245
73246
73247
73249
73250
73251
73252
73253
73254
73255
73257
73258
73259
73260
73261
73262
73263
73264
73265
73266
73267
73268
73272
73274
73277
73278
73279
73280
73281
73282
73283
73284
73285
73286
73287
73288
73289
73290
73291
73292
73293
73294
73295
73296
73297
73298
73299
73300
73301
73302
73303
73304
73305
73306
73307
73308
73309
73311
73312
73313
73314
73315
73316
73317
73318
73319
73320
73321
73322
73323
73324
73325
73326
73327
73328
73330
73332
73333
73336
73337
73339
73340
73342
73343
73344
73345
73346
73348
73349
73350
73351
73352
73353
73355
73356
73357
73358
73359
73360
73361
73362
73363
73364
73365
73366
73367
73368
73369
73370
73371
73372
73373
73374
73375
73376
73377
73378
73379
73380
73382
73383
73384
73385
73386
73387
73388
73389
73390
73391
73392
73393
73394
73395
73396
73397
73399
73400
73401
73402
73403
73404
73405
73406
73407
73408
73409
73410
73411
73412
73413
73414
73416
73417
73418
73420
73421
73423
73424
73425
73426
73427
73428
73429
73430
73431
73432
73433
73434
73435
73436
73437
73438
73441
73442
73443
73444
73445
73446
73447
73448
73449
73450
73451
73452
73453
73454
73455
73456
73457
73459
73461
73462
73463
73465
73466
73467
73468
73469
73470
73471
73472
73473
73474
73476
73477
73478
73479
73481
73482
73483
73484
73485
73486
73487
73488
73489
73490
73491
73492
73493
73495
73496
73497
73498
73499
73500
73501
73502
73503
73504
73505
73506
73507
73508
73510
73511
73513
73514
73515
73516
73517
73518
73519
73520
73523
73524
73525
73526
73527
73528
73529
73531
73533
73537
73538
73539
73540
73542
73544
73545
73552
73553
73554
73557
73558
73559
73560
73561
73562
73563
73564
73565
73566
73567
73568
73569
73572
73573
73574
73575
73576
73577
73579
73581
73582
73583
73584
73585
73586
73587
73588
73589
73590
73591
73592
73593
73594
73595
73596
73597
73598
73600
73601
73602
73603
73604
73605
73606
73607
73608
73609
73610
73611
73612
73613
73617
73618
73619
73621
73622
73623
73624
73625
73626
73627
73628
73629
73630
73631
73632
73633
73635
73636
73637
73638
73639
73640
73641
73642
73643
73644
73645
73646
73648
74469
74471
74476
74479
74480
74481
74482
74494
74495
74497
74498
74499
74500
74501
74512
74514
74516
74520
74521
74523
74524
74525
74529
74530
74533
74534
74535
74536
74537
74538
74540
74541
74542
74543
74544
74545
74546
74547
74548
74549
74551
74554
74556
74557
74558
74560
74561
74562
74563
74565
74566
74567
74568
74570
74571
74572
74573
74574
74575
74576
74583
74585
74587
74589
74590
74594
74597
74609
74610
74612
74613
75883
75887
75894
75897
75898
75899
75901
75903
75904
75905
75908
75910
75911
75912
75914
75915
75916
75917
75918
75919
75920
75921
75924
75925
75927
75930
75931
75932
75933
75934
75935
75936
75937
75938
75939
75940
75941
75942
75943
75945
75949
75950
75951
75953
75954
75974
75986
75996
76050
76052
76053
76054
76055
76056
76061
76063
76064
76069
76070
76071
76073
76076
76077
76080
76081
76082
76083
76084
76093
76098
76102
76106
76107
76108
76111
76113
76114
76115
76118
76121
76125
76134
76138
76140
76141
76142
76143
76144
76145
76147
76148
76156
76158
76159
76161
76162
76163
76165
76167
76170
76174
76175
76177
76178
76179
76182
76183
76188
76195
76196
76197
76199
76200
76201
76202
76203
76204
76205
76206
76207
76208
76209
76210
76212
76213
76214
76215
76216
76217
76220
76223
76226
76229
76401
76409
76411
76417
76418
76419
76420
76421
76422
76424
76425
76426
76427
76428
76429
76431
76433
76435
76441
76442
76443
76444
76446
76448
76449
76450
76451
76453
76454
76455
76456
76461
76463
76464
76467
76468
76470
76472
76476
76479
76480
76481
76482
76483
76484
76485
76486
76488
76489
76490
76493
76494
76495
76497
76498
76500
76501
76503
76504
76505
76506
76507
76508
76509
76511
76512
76513
76514
76515
76516
76517
76518
76520
76522
76523
76524
76526
76527
76528
76531
76533
76535
76536
76538
76539
76541
76542
76545
76546
76608
76847
76923
76942
76949
76964
76966
76967
76968
76969
76970
76971
76972
76973
76974
76976
76977
76978
76979
76981
76982
76984
76986
76987
76988
76989
76990
76991
76992
76994
76995
76998
76999
77000
77001
77002
77003
77004
77005
77008
77010
77011
77012
77013
77015
77016
77017
77018
77020
77021
77023
77026
77027
77029
77030
77031
77032
77033
77034
77035
77036
77037
77038
77042
77046
77051
77054
77055
77057
77058
77067
77068
77072
77075
77080
77082
77084
77085
77086
77087
77090
77093
77094
77097
77099
77105
77107
77108
77109
77110
77111
77112
77113
77114
77117
77118
77119
77120
77121
77122
77130
77131
77197
77198
77199
77200
77203
77204
77208
77209
77211
77212
77214
77221
77222
77223
77224
77225
77226
77227
77229
77230
77231
77233
77235
77236
77238
77240
77241
77242
77243
77247
77248
77249
77250
77251
77252
77253
77254
77255
77256
77257
77258
77259
77260
77261
77262
77264
77265
77266
77268
77269
77270
77271
77272
77273
77274
77276
77277
77278
77280
77281
77282
77283
77284
77285
77286
77287
77288
77289
77290
77291
77292
77293
77294
77295
77296
77297
77298
77299
77300
77301
77302
77303
77304
77305
77306
77307
77308
77309
77310
77311
77312
77313
77314
77315
77316
77317
77318
77319
77320
77321
77322
77323
77324
77325
77326
77327
77328
77329
77330
77331
77332
77333
77334
77335
77336
77337
77338
77339
77340
77341
77342
77343
77345
77346
77347
77348
77349
77351
77352
77353
77354
77356
77357
77358
77360
77362
77364
77365
77367
77368
77369
77370
77371
77372
77373
77374
77375
77376
77377
77378
77379
77380
77381
77382
77383
77384
77385
77386
77388
77389
77390
77391
77392
77393
77394
77395
77396
77397
77398
77399
77400
77402
77404
77405
77406
77407
77408
77410
77411
77412
77414
77417
77418
77419
77421
77422
77423
77424
77425
77426
77427
77428
77429
77430
77432
77433
77434
77435
77436
77437
77438
77439
77440
77441
77442
77444
77445
77446
77447
77448
77449
77450
77451
77452
77453
77454
77455
77456
77457
77458
77459
77460
77461
77463
77464
77465
77466
77467
77468
77469
77470
77472
77473
77475
77476
77477
77478
77479
77481
77482
77485
77486
77487
77488
77489
77490
77491
77493
77496
77498
77499
77502
77503
78885
78904
78905
78907
78908
78912
78914
78918
78919
78920
78921
78936
78942
78943
78953
78955
78957
78958
78962
78964
78966
78967
78968
78971
78972
78976
78980
78983
78985
78986
78987
78988
78990
78991
78993
78995
78996
78997
78998
79000
79002
79003
79004
79005
79006
79008
79009
79011
79012
79015
79016
79025
79033
79034
79035
79036
79040
79041
79043
79046
79047
79048
79049
79052
79057
79062
79064
79065
79067
79068
79069
79071
79072
79073
79074
79077
79078
79079
79080
79081
79083
79084
79085
79086
79088
79090
79091
79096
79099
79106
79109
79111
79112
79113
79114
79115
79116
79119
79124
79127
79129
79130
79131
79132
79138
79144
79146
79148
79150
79152
79153
79154
79155
79156
79157
79159
79160
79161
79165
79166
79167
79168
79169
79171
79172
79173
79174
79175
79176
79178
79179
79180
79182
79183
79184
79185
79186
79187
79188
79189
79191
79192
79193
79194
79195
79196
79197
79198
79199
79200
79201
79203
79204
79205
79206
79207
79208
79209
79210
79211
79213
79214
79215
79216
79224
79225
79233
79238
79240
79244
79246
79247
79253
79254
79264
79272
79276
79282
79283
79286
79288
79289
79290
79292
79293
79294
79296
79300
79301
79302
79304
79307
79312
79314
79316
79317
79319
79321
79323
79325
79326
79327
79328
79330
79332
79333
79334
79336
79337
79338
79340
79341
79344
79345
79346
79348
79349
79350
79351
79352
79353
79354
79356
79357
79358
79359
79360
79363
79364
79365
79366
79367
79368
79369
79371
79372
79373
79375
79376
79377
79378
79379
79380
79381
79382
79383
79384
79385
79386
79387
79388
79389
79390
79391
79392
79393
79394
79395
79396
79397
79398
79399
79400
79401
79403
79404
79405
79406
79408
79409
79410
79411
79412
79413
79414
79416
79417
79419
79422
79423
79425
79426
79427
79428
79429
79430
79431
79433
79434
79436
79437
79438
79439
79440
79444
79445
79447
79448
79450
79456
79474
79476
79482
79485
79488
79489
79508
79512
79517
79525
79533
79535
79550
79554
79564
79577
79598
79605
79614
79622
90655
90659
90661
90664
90670
90672
90675
90677
90680
90684
90685
90687
90691
90692
90693
90696
90698
90700
90703
90704
90724
90725
90729
90730
90731
90732
90733
90734
90735
90736
90737
90738
90740
90741
90744
90745
90746
90747
90748
90750
90752
90755
90756
90757
90759
90760
90761
90762
90763
90764
90766
90767
90768
90769
90770
90771
90772
90773
90775
90778
90780
90788
90791
90795
90809
90811
90980
90984
90985
90986
90987
90988
90989
90990
90991
90992
90993
90994
90995
90996
90998
90999
91000
91001
91002
91003
91004
91005
91008
91010
91011
91012
91013
91015
91017
91019
91021
91022
91024
91025
91026
91028
91032
91035
91036
91037
91039
91040
91042
91043
91044
91045
91047
91048
91050
91052
91053
91055
91056
91057
91058
91059
91060
91061
91062
91063
91064
91065
91066
91067
91068
91069
91070
91071
91072
91074
91075
91078
91079
91080
91082
91083
91084
91086
91087
91088
91089
91090
91091
91092
91093
91095
91096
91097
91098
91099
91101
91102
91103
91104
91105
91108
91109
91110
91111
91112
91113
91114
91117
91118
91119
91120
91121
91123
91127
91129
91130
91131
91135
91137
91138
91139
91141
91142
91143
91144
91145
91146
91147
91148
91149
91150
91151
91152
91154
91155
91157
91159
91160
91161
91163
91164
91166
91168
91171
91175
91179
91182
91183
91186
91201
91544
91592
91593
91594
91595
91596
91598
91599
91600
91601
91602
91608
92665
92670
92672
92674
92677
92678
92679
92680
92681
92683
92684
92685
92686
92687
92688
92689
92690
92692
92693
92694
92695
92696
92697
92698
92699
92700
92701
92705
92709
92711
92713
92718
92719
92720
92722
92723
92724
92725
92728
92729
92730
92732
92733
92735
92736
92738
92739
92742
92747
92748
92749
92755
92757
92761
92764
92765
92766
92769
92772
92775
92776
92779
92780
92781
92782
92784
92785
92787
92788
92789
92790
92791
92793
92794
92795
92797
92798
92799
92800
92801
92803
92804
92806
92808
92809
92810
92813
92814
92815
92818
92821
92822
92823
92824
92825
92826
92827
92828
92829
92831
92832
92833
92834
92835
92836
92837
92838
92839
92841
92844
92845
92848
92849
92850
92852
92853
92854
92858
92860
92861
92862
92863
92868
92869
92870
92873
92875
92879
92880
92882
92888
92895
92896
92897
92900
92904
92905
92907
92910
92911
92913
92914
92915
92916
92918
92921
92922
92923
92924
92925
92926
92927
92928
92929
92930
92934
92935
92938
92939
92940
92941
92942
92943
92944
92945
92946
92947
92948
92949
92950
92951
92952
92953
92954
92955
92956
92957
92958
92959
92960
92961
92963
92964
92966
92967
92968
92969
92970
92971
92972
92973
92974
92975
92977
92978
92979
92981
92982
92984
92987
92988
92990
92992
92993
92995
92996
93005
93007
93012
93014
93018
93020
93026
93030
93031
93032
93034
93037
93043
93045
93046
93047
93050
93051
93052
93053
93056
93057
93060
93062
93066
93067
93079
93084
93086
93088
93092
93098
93108
93109
93111
93112
93113
93114
93115
93118
93119
93121
93123
93128
93129
93130
93131
93132
93134
93135
93136
93137
93138
93139
93142
93143
93144
93145
93146
93147
93149
93150
93151
93152
93153
93154
93155
93156
93157
93159
93160
93161
93163
93164
93165
93166
93167
93168
93169
93170
93173
93175
93176
93177
93178
93179
93180
93182
93183
93185
93187
93188
93189
93190
93192
93193
93195
93196
93198
93200
93201
93202
93203
93205
93206
93207
93208
93209
93210
93211
93212
93213
93214
93215
93216
93217
93218
93219
93220
93221
93222
93224
93225
93226
93227
93228
93229
93230
93231
93232
93233
93234
93236
93237
93238
93239
93240
93241
93242
93243
93244
93246
93247
93249
93250
93251
93252
93253
93254
93255
93256
93257
93258
93259
93260
93261
93262
93263
93264
93265
93266
93267
93268
93269
93270
93272
93274
93275
93276
93277
93278
93279
93280
93282
93283
93284
93285
93287
93288
93289
93290
93291
93292
93294
93295
93296
93297
93298
93299
93300
93301
93302
93303
93304
93305
93306
93307
93308
93309
93310
93311
93312
93313
93314
93315
93317
93318
93319
93320
93321
93322
93323
93324
93325
93326
93327
93328
93329
93330
93331
93332
93333
93334
93335
93336
93337
93338
93339
93340
93341
93342
93343
93344
93345
93346
93347
93348
93349
93350
93351
93352
93353
93354
93355
93356
93357
93359
93360
93361
93362
93364
93365
93367
93368
93370
93371
93373
93376
93377
93378
93379
93380
93381
93382
93383
93385
93386
93387
93388
93389
93390
93391
93392
93393
93394
93395
93396
93399
93403
93404
93405
93406
93408
93409
93411
93412
93413
93414
93415
93416
93417
93418
93419
93420
93422
93424
93427
93428
93430
93431
93432
93433
93434
93435
93437
93438
93442
93443
93447
93449
93451
93453
93456
93457
93458
93460
93461
93462
93463
93465
93466
93467
93468
93469
93470
93472
93473
93474
93476
93477
93478
93479
93480
93481
93482
93483
93484
93485
93488
93489
93490
93491
93492
93495
93497
93499
93500
93501
93502
93503
93504
93505
93507
93508
93509
93511
93512
93513
93514
93515
93516
93517
93518
93519
93520
93522
93523
93524
93525
93526
93527
93528
93529
93530
93531
93532
93534
93536
93538
93539
93540
93541
93542
93543
93544
93545
93547
93549
93550
93551
93552
93553
93554
93555
93556
93557
93558
93559
93561
93562
93563
93564
93565
93566
93568
93569
93570
94414
94426
94428
94434
94437
94438
94440
94441
94444
94445
94449
94454
94465
94468
94470
94472
94473
94475
94476
94477
94481
94482
94483
94484
94487
94488
94489
94490
94491
94492
94494
94495
94496
94497
94498
94499
94500
94501
94502
94503
94505
94509
94510
94512
94513
94514
94515
94516
94517
94518
94519
94520
94522
94523
94524
94525
94526
94529
94530
94533
94537
94539
94540
94542
94543
94547
94548
94550
94551
94556
94557
94558
94573
95845
95848
95850
95855
95861
95863
95864
95866
95867
95868
95869
95870
95871
95872
95873
95874
95875
95876
95877
95878
95879
95880
95881
95882
95883
95884
95885
95886
95887
95888
95889
95890
95891
95893
95895
95896
95897
95898
95899
95901
95902
95903
95909
95910
95912
95997
96005
96006
96007
96008
96009
96010
96015
96017
96020
96022
96035
96036
96037
96038
96040
96041
96043
96044
96047
96048
96049
96050
96053
96054
96055
96057
96059
96061
96062
96066
96073
96075
96077
96078
96079
96080
96081
96082
96083
96084
96085
96086
96087
96088
96089
96090
96092
96093
96094
96100
96103
96105
96106
96107
96108
96109
96110
96116
96117
96118
96119
96120
96121
96122
96123
96124
96127
96128
96131
96134
96135
96136
96137
96138
96139
96140
96141
96142
96144
96145
96146
96147
96148
96149
96150
96151
96152
96153
96154
96155
96161
96165
96319
96324
96342
96347
96348
96349
96352
96359
96361
96364
96365
96373
96375
96376
96380
96381
96382
96384
96386
96387
96388
96390
96392
96394
96395
96397
96398
96399
96401
96406
96407
96411
96412
96414
96416
96417
96418
96419
96420
96421
96423
96425
96427
96428
96429
96430
96431
96432
96433
96437
96438
96439
96440
96442
96443
96444
96445
96446
96448
96449
96450
96451
96452
96453
96455
96456
96458
96461
96462
96463
96464
96466
96468
96472
96473
96475
96476
96477
96479
96481
96482
96483
96484
96485
96486
96488
96873
96883
96896
96923
96925
96927
96928
96930
96931
96932
96933
96934
96935
96936
96938
96939
96941
96942
96944
96945
96946
96947
96948
96952
96953
96954
96955
96956
96957
96959
96960
96961
96963
96965
96968
96969
96970
96971
96973
96974
96975
96976
96977
96978
96979
96980
96981
96982
96984
96987
96988
96993
96994
96995
96996
96997
96998
97000
97002
97003
97004
97008
97010
97011
97012
97014
97017
97019
97021
97025
97027
97031
97033
97038
97039
97040
97042
97043
97044
97045
97046
97048
97050
97051
97053
97054
97056
97058
97067
97076
97077
97079
97138
97140
97147
97152
97155
97156
97158
97159
97163
97164
97165
97166
97167
97168
97169
97170
97171
97173
97174
97175
97176
97177
97179
97181
97182
97183
97184
97186
97187
97190
97191
97193
97195
97196
97197
97198
97199
97200
97201
97202
97203
97204
97205
97206
97207
97208
97209
97210
97211
97212
97213
97214
97216
97217
97218
97219
97220
97221
97222
97223
97224
97226
97227
97228
97229
97230
97231
97232
97233
97234
97235
97236
97237
97238
97240
97241
97242
97243
97244
97245
97246
97247
97248
97249
97250
97251
97252
97253
97254
97255
97256
97257
97259
97260
97261
97262
97263
97264
97265
97266
97267
97268
97269
97271
97272
97273
97274
97275
97277
97278
97279
97280
97281
97282
97283
97284
97285
97286
97287
97289
97291
97292
97293
97294
97295
97296
97297
97299
97300
97301
97302
97303
97304
97306
97307
97308
97310
97311
97313
97314
97315
97316
97317
97318
97320
97321
97322
97323
97324
97326
97328
97329
97332
97333
97334
97335
97336
97337
97338
97339
97340
97341
97342
97343
97344
97345
97346
97347
97348
97349
97350
97352
97353
97354
97355
97356
97357
97358
97359
97360
97361
97362
97363
97364
97365
97366
97367
97368
97369
97370
97373
97374
97375
97376
97377
97378
97379
97380
97381
97382
97383
97384
97385
97386
97387
97388
97389
97390
97391
97392
97393
97394
97395
97396
97397
97398
97399
97400
97401
97402
97403
97404
97405
97407
97408
97409
97410
97412
97413
97414
97415
97416
97417
97418
97419
97420
97421
97422
98804
98815
98824
98828
98829
98831
98843
98847
98849
98850
98852
98854
98857
98858
98862
98864
98865
98867
98870
98872
98874
98879
98884
98886
98888
98892
98896
98898
98901
98902
98903
98904
98905
98906
98907
98909
98911
98914
98915
98916
98917
98918
98919
98921
98922
98924
98925
98927
98928
98937
98941
98942
98944
98945
98946
98947
98948
98950
98952
98953
98954
98955
98957
98969
98975
98976
98977
98978
98979
98980
98981
98982
98983
98984
98985
98989
98996
98997
98998
99000
99001
99002
99005
99009
99010
99012
99017
99018
99019
99020
99021
99022
99023
99024
99025
99026
99027
99028
99031
99032
99036
99040
99053
99055
99057
99058
99059
99060
99061
99062
99063
99064
99065
99066
99067
99068
99069
99070
99071
99072
99073
99074
99075
99076
99077
99078
99079
99081
99083
99084
99085
99086
99088
99089
99091
99092
99093
99094
99095
99096
99097
99098
99099
99100
99101
99102
99103
99104
99105
99106
99107
99108
99109
99110
99111
99112
99113
99114
99115
99116
99117
99118
99119
99120
99121
99122
99123
99124
99125
99126
99127
99131
99133
99134
99149
99152
99153
99155
99161
99173
99176
99179
99181
99182
99183
99184
99186
99187
99188
99196
99198
99199
99200
99202
99204
99205
99208
99209
99212
99214
99215
99218
99219
99221
99224
99226
99228
99229
99230
99232
99233
99235
99244
99245
99247
99250
99252
99254
99257
99258
99259
99260
99262
99263
99264
99265
99266
99267
99268
99269
99270
99271
99272
99273
99274
99275
99276
99277
99278
99279
99280
99281
99282
99283
99284
99285
99286
99287
99288
99289
99290
99291
99292
99293
99294
99297
99299
99300
99301
99303
99304
99305
99306
99307
99308
99309
99310
99311
99312
99313
99314
99315
99317
99319
99320
99322
99324
99326
99327
99328
99329
99331
99332
99333
99334
99335
99336
99337
99338
99339
99340
99341
99342
99345
99346
99348
99349
99350
99351
99352
99353
99354
99355
99357
99358
99359
99360
99361
99362
99363
99366
99367
99368
99369
99370
99371
99373
99374
99376
99377
99378
99379
99381
99382
99383
99384
99385
99386
99387
99388
99389
99390
99391
99392
99393
99394
99397
99398
99399
99400
99402
99403
99405
99406
99407
99409
99410
99411
99413
99414
99416
99417
99420
99421
99422
99424
99425
99426
99427
99428
99429
99430
99431
99432
99433
99435
99436
99437
99438
99439
99440
99441
99442
99443
99444
99445
99446
99447
99448
99449
99450
99451
99452
99453
99454
99455
99456
99457
99459
99460
99461
99462
99463
99464
99465
99466
99467
99468
99469
99470
99471
99473
99474
99475
99476
99477
99478
99479
99480
99481
99482
99483
99484
99485
99486
99487
99488
99490
99491
99493
99494
99495
99496
99497
99498
99500
99501
99502
99504
99505
99506
99507
99508
99509
99510
99511
99512
99513
99514
99515
99516
99517
99518
99519
99520
99522
99523
99524
99525
99526
99527
99528
99529
99530
99532
99533
99534
99535
99537
99538
99540
99546
99548
99549
99550
99551
99552
99553
99556
99557
101808
101809
101820
101821
101824
101826
101829
101866
101867
101870
101873
101874
101877
101878
101881
101887
101889
101892
101900
101904
101917
101919
101924
101925
101926
101928
101929
101931
101932
101933
101934
101935
102219
102240
102241
102245
102254
102257
102264
102266
102268
102271
102275
102277
102282
102283
102284
102298
102299
102302
102303
102321
102323
102329
102330
102334
102335
102336
102337
102338
102339
102341
102342
102344
102345
102349
102350
102352
102353
102356
102357
102358
102359
102362
102363
102364
102365
102366
102367
102368
102370
102372
102373
102375
102376
102377
102378
102379
102381
102382
102383
102384
102385
102386
102388
102389
102390
102393
102394
102395
102397
102398
102399
102400
102402
102403
102405
102406
102407
102408
102409
102412
102413
102417
102418
102419
102425
102428
102436
102438
102439
102441
102443
102444
102447
102449
102450
102452
102454
102460
102467
102475
102481
102485
102489
102491
102499
102500
102503
102504
102507
102512
102514
102518
102525
102529
102534
102536
102537
102541
102544
102545
102551
102556
102559
102563
102564
102566
102568
102569
102572
102575
102577
102580
102583
102585
102587
102588
102594
102595
102596
102597
102598
102599
102600
102605
102609
102613
102619
102620
102621
102622
102623
102625
102626
102627
102628
102630
102631
102632
102633
102634
102635
102636
102637
102638
102639
102643
102644
102645
102648
102649
102650
102652
102653
102655
102659
102660
102662
102664
102665
102666
102667
102668
102669
102671
102672
102674
102675
102676
102677
102678
102679
102683
102685
102686
102695
102696
102698
102699
102705
102710
102714
102715
102735
102743
102750
102752
102753
102754
102755
102756
102757
102758
102759
102760
102761
102762
102763
103017
103018
103020
103021
103022
103026
103028
103032
103033
103034
103035
103036
103039
103042
103044
103045
103046
103047
103048
103050
103051
103055
103056
103063
103068
103071
103072
103074
103076
103077
103078
103079
103080
103084
103086
103087
103088
103089
103093
103094
103095
103097
103098
103099
103100
103101
103102
103103
103104
103105
103107
103108
103109
103112
103113
103114
103125
103127
103128
103130
103135
103136
103149
103151
103156
103164
103165
103169
103170
103173
103177
103178
103183
103190
103194
103200
103203
103206
103207
103209
103211
103212
103216
103218
103220
103224
103232
103235
103239
103248
103257
103261
103381
103450
103482
103506
103511
103518
103538
103543
103546
103549
103550
103551
103552
103553
103554
103555
103556
103558
103559
103560
103561
103563
103564
103565
103566
103567
103568
103570
103571
103574
103580
103581
103587
103588
103589
103593
103595
103598
103600
103603
103605
103607
103609
103610
103611
103616
103618
103621
103634
103638
103642
103644
103647
103648
103656
103659
103660
103661
103662
103663
103666
103667
103668
103669
103674
103677
103688
103692
103694
103696
103699
103701
103708
103711
103712
103715
103716
103717
103718
103720
103725
103729
103734
103737
103745
103748
103753
103755
104867
104899
104905
104908
104915
104916
104919
104924
104925
104927
104929
104930
104936
104939
104940
104942
104947
104949
104950
104953
104958
105714
105724
105725
105726
105728
105729
105738
105739
105745
105753
105757
105759
105766
105769
105770
105771
105777
105778
105779
105782
105789
105792
105798
105800
105805
105806
105807
106000
106714
106749
106784
106859
106870
106982
107005
107011
107046
107048
107056
107060
107063
107064
107065
107069
107071
107073
107076
107077
107081
107082
107084
107085
107093
107095
107096
107099
107101
107102
107104
107108
107112
107115
107117
107119
107121
107124
107134
107135
107138
107142
107143
107144
107145
107150
107155
107160
107161
107166
107167
107187
107199
107200
107222
107224
107235
107263
107300
107302
107304
107324
107332
107360
107370
107388
107392
107414
107421
107435
107436
107451
107454
107458
118151
118747
121352
121365
121369
121371
121376
121377
121390
121398
121413
121430
121433
121438
121461
121462
121465
121467
121472
121485
121489
121493
121495
121499
121508
121792
121871
121879
121881
121885
121886
121903
121906
121913
121928
121932
121934
121936
121939
121941
121942
121943
121948
121953
121954
121958
121960
121961
121963
121965
121968
121969
121970
121973
121975
121979
121990
122153
122161
122163
122177
122178
122179
122186
122187
122188
122190
122191
122193
122195
122198
122200
122202
122203
122204
122205
122210
122216
122217
122221
122223
122225
122226
122231
122232
122233
122236
122237
122238
122246
122257
122273
122274
122311
122589
122605
122614
122618
122641
122652
122662
122665
122675
122680
122700
122705
122762
122773
122778
122791
122799
122810
122811
123001
123087
123089
123126
123154
123159
123161
123170
123195
123197
123233
123234
123238
123240
123244
123259
123266
123269
123274
123278
123279
123283
123284
123285
123290
123295
123297
123302
123304
123310
123312
123314
123317
123320
123323
123326
123329
124450
124463
124477
124479
124480
124489
124493
124494
124496
124498
124500
124501
124509
124510
124513
124517
124519
124522
124523
124524
124528
125371
126244
126256
126259
126265
126276
126279
126285
126300
126314
126340
126370
126384
126385
126390
126397
126402
126403
126410
126416
126427
126431
126436
126453
126454
126457
126468
126469
126471
126477
126481
126503
126551
126555
126556
126561
126562
126564
126566
126584
126590
126592
126597
126600
126618
126626
126634
126636
126637
126638
126639
126640
126642
126644
126645
126646
126647
126649
126651
126653
126654
126655
126657
126658
126659
126660
126661
126662
126666
126667
126670
126671
126674
126675
126676
126679
126682
126685
126687
126688
126689
126690
126694
126697
126698
126699
126700
126701
126702
126705
126706
126709
126715
126716
126717
126718
126720
126721
126724
126726
126729
126730
126731
126732
126733
126740
126742
126763
126766
126772
126776
126783
126835
126838
126851
126852
126855
126856
126865
126868
126870
126874
126878
126879
126886
126915
126919
126920
126921
126922
126925
126926
126960
126964
126965
126966
126980
126984
126988
126997
127009
127016
127023
127025
127028
127029
127030
141374
141375
141377
141378
141380
141381
141384
141385
141386
141388
141392
141395
141396
141397
141398
141399
141400
141401
141408
141410
141411
141421
141440
141441
141443
141444
141445
141460
141471
141475
141476
141488
141508
141517
141807
141816
141817
141828
141830
141846
141848
141851
141854
141857
141858
141859
141866
141868
141884
141885
141891
141892
141893
141894
141896
141897
141898
141905
141906
141907
141909
141911
141913
141914
141916
141917
141918
141921
141922
141924
141925
141926
141930
141931
141932
141934
141935
141936
141938
141939
141940
141941
141942
141943
141944
141945
141946
141948
141949
141950
141951
141953
141954
141955
141956
141957
141960
141961
141962
141963
141964
141967
141969
141970
141971
141972
141973
141974
141975
141977
141978
141979
141981
141982
141983
141984
141985
141986
141987
141988
141994
141996
141997
141998
141999
142000
142001
142002
142003
142005
142010
142012
142014
142016
142021
142024
142025
142027
142031
142038
142039
142041
142043
142044
142045
142052
142057
142059
142060
142071
142072
142075
142077
142082
142083
142084
142086
142088
142090
142093
142094
142095
142102
142103
142105
142109
142110
142111
142116
142120
142121
142124
142125
142127
142129
142130
142134
142136
142139
142142
142143
142146
142147
142155
142156
142158
142163
142166
142169
142176
142177
142185
142186
142193
142195
142198
142199
142201
142202
142203
142204
142205
142206
142207
142208
142209
142210
142211
142212
142213
142214
142215
142216
142217
142218
142219
142221
142222
142225
142227
142230
142234
142235
142236
142240
142241
142242
142243
142244
142247
142248
142249
142250
142252
142253
142255
142256
142259
142265
142268
142269
142276
142281
142284
142288
142292
142321
142325
142326
142330
142332
142333
142335
142336
142337
142339
142594
142595
142599
142604
142606
142607
142609
142610
142613
142615
142618
142622
142640
142647
142881
143015
143193
143236
143239
143368
143395
143474
143484
143530
143573
143607
143643
143706
143727
143743
144031
144072
144240
144274
144418
145283
145303
145310
145389
145444
145449
145450
145467
145469
145499
145529
145558
145562
145564
145567
145568
145569
145570
145571
145574
145581
145583
145589
145604
145746
145789
145792
145889
145921
146027
146037
146083
146126
146160
146196
146259
146280
146296
146584
146625
146750
146755
146758
146764
146766
146767
146769
146771
146775
146776
146778
146783
146788
146791
146793
146797
146827
147398
147573
147591
147600
147974
148527
148528
148550
148552
148624
148644
148657
148665
148673
148677
148701
148709
148710
148713
148719
148727
148730
148747
148750
148751
148773
148807
148809
148813
148839
148848
148852
148855
148859
148866
148867
148870
148877
148878
148879
148883
148885
148887
148889
148894
148895
148899
148901
148902
148903
148904
148906
148909
148911
148912
148914
148915
148917
148918
148919
148921
148927
148928
148931
148932
148933
148936
148937
148952
148953
148954
148956
148959
148960
148963
148964
148965
148967
148968
148971
148974
148976
148979
148981
148982
148983
148988
148989
148990
148993
148994
148996
148998
149000
149001
149006
149007
149017
149018
149039
149046
149055
149056
149063
149065
149080
149090
149103
149111
149115
149121
149124
149127
149128
149130
149131
149133
149137
149145
149147
149169
149184
149211
149215
149228
149234
149248
149255
149271
149290
149291
149293
149301
173636
173759
173794
174295
174318
180580
180581
180595
180641
180646
180668
180689
180692
180711
181076
181097
181143
181148
181153
181173
181186
181188
181193
181195
181216
181226
181236
181239
181241
181244
181250
181253
181257
181261
181264
181267
181269
181270
181271
181274
181284
181286
181288
181293
181294
181295
181298
181299
181302
181303
181308
181310
181315
181317
181322
181325
181333
181341
181347
181349
181353
181354
181360
181362
181368
181373
181378
181380
181389
181390
181393
181399
181400
181401
181402
181403
181405
181406
181411
181418
181421
181423
181429
181430
181431
181434
181438
181439
181443
181446
181450
181459
181469
181520
181529
181532
181535
181536
181789
181792
181793
181796
181798
181799
181800
181802
181803
181804
181805
181807
181808
181810
181812
181813
181814
181815
181817
181818
181819
181820
181821
181822
181829
181836
181837
181841
181842
181844
181845
181847
181848
181849
181850
181854
181855
181856
181857
181858
181859
181860
181861
181862
181863
181864
181865
181866
181868
181870
181871
181872
181875
181877
181879
181880
181881
181882
181885
181890
181899
181900
181903
181904
181906
181911
181912
181920
181922
181928
181930
181934
181935
181936
181937
181941
181942
181944
181945
181948
181949
181951
181952
181954
181955
181956
181958
181963
181964
181967
181968
181973
181974
181975
181982
181992
181997
181998
182000
182001
182010
182015
182017
182022
182025
182026
182035
182153
182261
182262
182297
182300
182301
182303
182309
182311
182317
182319
182320
182322
182323
182324
182325
182326
182327
182328
182329
182330
182331
182332
182333
182334
182335
182336
182337
182338
182339
182340
182342
182343
182344
182345
182348
182349
182351
182352
182353
182354
182355
182356
182358
182359
182360
182361
182362
182363
182364
182367
182368
182369
182371
182372
182374
182376
182377
182380
182381
182383
182384
182385
182388
182395
182407
182408
182410
182411
182412
182414
182417
182419
182420
182421
182422
182423
182426
182427
182428
182430
182433
182434
182435
182440
182441
182442
182444
182445
182449
182450
182451
182452
182453
182454
182455
182460
182470
182471
182475
182477
182478
182480
182482
182484
182485
182488
182490
182491
182492
182493
182500
182504
182507
182510
182511
182515
182516
182519
182523
182524
182526
182529
182532
182533
182534
182535
183648
183653
183658
183663
183681
183683
183686
183688
183690
183692
183693
183696
183697
183698
183699
183700
183702
183703
183710
183711
183713
183714
183721
183723
183724
183726
183730
184482
184483
184487
184490
184492
184493
184495
184496
184497
184500
184501
184503
184504
184505
184506
184508
184510
184511
184512
184513
184514
184515
184518
184519
184523
184524
184525
184526
184528
184530
184531
184533
184536
184537
184543
184547
184548
184551
184552
184554
184555
184557
184562
184565
184566
184568
184569
184572
184574
184577
184579
184580
185383
185387
185393
185399
185400
185402
185403
185405
185406
185408
185409
185411
185412
185414
185417
185419
185422
185425
185430
185431
185433
185434
185435
185436
185437
185439
185440
185441
185442
185444
185445
185446
185448
185449
185450
185451
185452
185453
185454
185455
185456
185457
185458
185460
185461
185462
185463
185464
185465
185466
185468
185469
185470
185471
185472
185473
185474
185475
185477
185478
185480
185486
185489
185490
185491
185500
185504
185517
185520
185521
185522
185524
185533
185540
185541
185543
185552
185553
185554
185557
185558
185559
185561
185565
185566
185567
185568
185570
185572
185575
185576
185577
185578
185579
185580
185581
185582
185583
185584
185585
185586
185588
185589
185593
185594
185598
185599
185600
185601
185602
185607
185608
185609
185610
185611
185614
185615
185616
185618
185619
185621
185622
185623
185624
185625
185627
185628
185629
185630
185631
185632
185634
185635
185637
185638
185639
185641
185642
185643
185645
185646
185647
185648
185649
185650
185651
185652
185655
185656
185657
185658
185659
185660
185661
185662
185663
185664
185665
185667
185668
185669
185671
185672
185673
185674
185675
185676
185678
185679
185680
185683
185684
185685
185686
185691
185694
185695
185697
185700
185702
185704
185707
185708
185710
185712
185713
185714
185716
185722
185726
185731
185732
185733
185734
185735
185736
185737
185738
185739
185741
185742
185743
185744
185745
185746
185747
185750
185751
185753
185754
185755
185756
185757
185759
185760
185762
185764
185765
185766
185768
185769
185770
185771
185772
185774
185775
185777
185778
185779
185780
185781
185783
185784
185785
185786
185787
185788
185789
185790
185791
185794
185795
185796
185798
185800
185801
185802
185803
185804
185806
185807
185808
185809
185811
185813
185814
185815
185816
185817
185819
185820
185821
185822
185825
185826
185827
185828
185830
185831
185833
185834
185835
185836
185837
185838
185839
185840
185841
185842
185843
185844
185845
185846
185847
185848
185849
185850
185851
185852
185853
185854
185855
185856
185857
185858
185860
185863
185864
185865
185868
185870
185871
185872
185874
185875
185876
185879
185881
185882
185883
185884
185885
185886
185887
185888
185889
185890
185891
185892
185893
185894
185895
185896
185897
185899
185900
185901
185902
185903
185904
185905
185906
185907
185909
185910
185911
185912
185914
185915
185916
185918
185919
185920
185921
185922
185923
185924
185925
185926
185927
185928
185929
185932
185933
185934
185935
185936
185937
185938
185939
185940
185941
185942
185943
185944
185945
185946
185947
185948
185949
185950
185951
185952
185953
185954
185956
185957
185958
185959
185960
185961
185963
185964
185967
185968
185970
185972
185973
185974
185978
185979
185980
185981
185982
185985
185987
185989
185990
185993
185994
185995
185998
185999
186001
186004
186005
186006
186007
186008
186010
186011
186012
186013
186014
186015
186017
186018
186019
186020
186022
186023
186024
186026
186028
186030
186031
186033
186034
186035
186036
186037
186038
186039
186040
186041
186042
186043
186044
186045
186046
186047
186048
186049
186050
186051
186054
186055
186056
186057
186058
186059
186060
186061
186062
186063
186064
186065
186066
186067
186068
186069
186070
186071
186072
186073
186074
186075
186076
186077
186078
186079
186080
186081
186082
186083
186084
186085
186086
186087
186088
186089
186090
186091
186092
186093
186094
186095
186096
186097
186098
186099
186100
186101
186102
186103
186104
186105
186106
186107
186108
186109
186110
186111
186112
186113
186114
186115
186116
186117
186118
186119
186120
186121
186122
186123
186124
186125
186126
186127
186128
186129
186130
186131
186132
186133
186134
186135
186136
186137
186138
186139
186140
186141
186142
186143
186144
186145
186146
186147
186148
186149
186151
186153
186154
186155
186156
186157
186158
186159
186160
186161
186162
186163
186164
186165
186167
186168
186169
186170
186172
186173
186174
186175
186176
186178
186179
186180
186182
186185
186186
186193
186198
186199
186201
186210
186217
186221
186230
187867
187977